COSMOS 2433 (720)       
1 32275U 07052A   23121.95128505 -.00000049  00000+0  00000+0 0  9999
2 32275  66.0479 354.0978 0001400 303.2978 218.5155  2.13103982120757
COSMOS 2432 (719)       
1 32276U 07052B   23121.57979245 -.00000051  00000+0  00000+0 0  9996
2 32276  66.0613 354.2162 0010574 338.5712 205.6884  2.13103660120742
COSMOS 2434 (721)       
1 32393U 07065A   23121.53968477 -.00000016  00000+0  00000+0 0  9992
2 32393  64.3451 230.5823 0003294  83.2986  13.4678  2.13103114119457
COSMOS 2436 (723)       
1 32395U 07065C   23121.78176594 -.00000014  00000+0  00000+0 0  9990
2 32395  64.3527 230.6349 0015901   3.8586  54.2402  2.13102984119394
